76561199059380368
76561198349426210
76561198160752843
76561199087000182
76561199120147847
76561199093032948
76561198408165697
76561198880990910
76561199635630589
76561198985103583
76561198102107891
76561199509447928
76561198858303760
76561197965956769
76561198421107168
76561199213907499
76561198270979658
76561199588616164
76561198157034783
76561199496154683
76561199214491520
76561199491829838
76561199496754807
76561199495382471
76561199497089431
76561199491358782
76561199246452509
76561199137310307
76561198445474798
76561198992777328
